,author,id,url,score,text,date
0,kismethavok,ey3b8b3,/r/pennystocks/comments/cvbwpp/august_25_2019_tomorrows_daily_rpennystocks/ey3b8b3/,1,The word of the week this week is 'gold'.,2019-08-25
1,Duracell1899,ey3c937,/r/pennystocks/comments/cvbwpp/august_25_2019_tomorrows_daily_rpennystocks/ey3c937/,1,"$mack.  Has $1.50 dividend on Friday.  Possible increase in volume.  

Out of “penny range”, but it was a penny stock a few months ago.",2019-08-25
2,zahpyoil,ey3gafp,/r/pennystocks/comments/cvd8im/dcgd_gets_mentioned_in_report_on_aurora_cannabis/ey3gafp/,1,DCGD is a start of a big corporation!,2019-08-25
3,[deleted],ey3okwl,/r/pennystocks/comments/cveofj/subpenny_stocks_to_watch_this_week/ey3okwl/,1,[removed],2019-08-25
4,daytradeguru,ey3p7kd,/r/pennystocks/comments/cvbwpp/august_25_2019_tomorrows_daily_rpennystocks/ey3p7kd/,1,"$AABB Gold mining ⛏ stock. CDEL has been shorting and keeping price down but company releases news on a consistent basis. So I think based on previous run under .01 to .04, we will see .05 at least by eoy,",2019-08-25
5,Jjayray,ey3vivh,/r/pennystocks/comments/cvd8im/dcgd_gets_mentioned_in_report_on_aurora_cannabis/ey3vivh/,1,So buy more Aurora cannabis now or hold off?,2019-08-25
6,idonthavehobbies,ey3x6ya,/r/pennystocks/comments/cvbwpp/august_25_2019_tomorrows_daily_rpennystocks/ey3x6ya/,1,"$ATE.V on the TSX.  Its had a fantastic run in the last week, should get a news release this week indicating the completion date of Phase 2 Clinical Trials.",2019-08-25
7,couchtomatopotato,ey46s1m,/r/pennystocks/comments/cvd8im/dcgd_gets_mentioned_in_report_on_aurora_cannabis/ey46s1m/,1,dcgd is already high up. what are people expected?,2019-08-25
8,grooljuice,ey4bknf,/r/pennystocks/comments/cvd8im/dcgd_gets_mentioned_in_report_on_aurora_cannabis/ey4bknf/,1,This baby has been a wild ride this month,2019-08-25
9,CaptainWeee,ey54vvj,/r/pennystocks/comments/cvd8im/dcgd_gets_mentioned_in_report_on_aurora_cannabis/ey54vvj/,1,"$DCGD CEO is also interested in the $CLSI shell as well from what I’m hearing, he’s a possible 3rd bidder on it along with two other companies.",2019-08-25
10,chezman28,ey5889z,/r/pennystocks/comments/cvd8im/dcgd_gets_mentioned_in_report_on_aurora_cannabis/ey5889z/,1,"Hey captain, you thinking $CLSI runs more than $DCGD the next few weeks?",2019-08-25
11,CaptainWeee,ey59wze,/r/pennystocks/comments/cvd8im/dcgd_gets_mentioned_in_report_on_aurora_cannabis/ey59wze/,1,"ROI wise maybe, the next leg up on $CLSI should be starting this week and take it over .03 hopefully by Friday or sooner.",2019-08-25
